ID,BIRTHDATE,DEATHDATE,SSN,DRIVERS,PASSPORT,PREFIX,FIRST,LAST,SUFFIX,MAIDEN,MARITAL,RACE,ETHNICITY,GENDER,BIRTHPLACE,ADDRESS,CITY,STATE,ZIP
71917638-8142-42da-87f1-fa0ba642f161,1989-10-21,,999-95-8365,S99995552,X3761822X,Mr.,Eloy929,Dickinson688,,,M,white,english,M,Dover  Massachusetts  US,431 Armstrong Forge,Upton,Massachusetts,01568
ecd13907-7903-4886-a7f5-f6e687c758c4,2004-10-11,,999-57-6519,,,,Galina98,Murray856,,,,white,irish,F,Barnstable Town  Massachusetts  US,779 Ledner Road Suite 24,Quincy,Massachusetts,02169
a1dfeccd-86e4-473b-a4ab-bd613db0dc2f,1981-02-05,,999-96-3731,S99930729,X83502942X,Mrs.,Franchesca574,Kuhic920,,Goodwin327,M,white,italian,F,Worcester  Massachusetts  US,619 Stiedemann Rue Unit 49,Grafton,Massachusetts,01519
af1ee647-2278-4d36-8637-a1d043813116,1971-08-21,,999-96-3303,S99995087,X43449132X,Mrs.,Rosanna866,Hudson301,,Blick895,M,white,italian,F,Quincy  Massachusetts  US,812 Donnelly Alley Apt 72,Westborough,Massachusetts,01581
0321643e-675d-42df-b7b7-a994edf99d60,2011-08-23,,999-50-3413,,,,Marguerite497,Kunde533,,,,white,italian,F,Brockton  Massachusetts  US,474 Russel Parade,Shrewsbury,Massachusetts,01545
7a739bbe-76be-4327-8234-56b5d46dd38a,1988-06-15,,999-40-7959,S99973537,X25668173X,Mrs.,Francisca486,Gerlach374,,Kulas532,M,white,french,F,Freetown  Massachusetts  US,233 Will Run,Ashland,Massachusetts,01721
1eb30352-5aba-4fee-9bd2-4487efe0237f,1977-12-03,,999-23-2701,S99926742,X36865919X,Mrs.,Delinda651,Leuschke194,,Lowe577,M,white,french_canadian,F,Berlin  Massachusetts  US,727 Mills Common,Middleborough,Massachusetts,02346
224ee73f-e6ee-497f-908b-937971ed4f5d,1983-05-07,,999-36-2962,S99993353,X40513715X,Mrs.,Lucile200,Kassulke119,,Denesik803,M,asian,chinese,F,Hong Kong  Hong Kong Special Administrative Region  CN,963 Kovacek Manor,Acton,Massachusetts,01720
7abcf886-1e35-4d51-8194-ac3a60151a3c,1969-01-05,2008-01-08,999-16-1417,S99950218,X15834921X,Mrs.,Odelia236,Rodriguez71,,Legros616,M,white,irish,F,Newton  Massachusetts  US,662 Grady Wynd Apt 10,Amesbury Town,Massachusetts,01913
8d2d7a32-cca3-4160-bca8-1a9a1fda87cb,1971-11-30,,999-54-6217,S99960663,X45813664X,Mr.,John539,Funk324,,,M,asian,chinese,M,Macau  Macao Special Administrative Region of the People's Republic of China  CN,881 Ferry Bypass,Rockland,Massachusetts,02370
3f620118-1054-412a-8feb-1b10f01fa61c,1979-03-31,,999-77-5967,S99960152,X25830373X,Mr.,Brad867,Anderson154,,,M,white,irish,M,Williamstown  Massachusetts  US,504 Yundt Meadow Suite 79,Cambridge,Massachusetts,02138
30040a13-4e26-419e-acd2-0164a3e02a18,1969-12-30,,999-26-3372,S99944836,X41240732X,Mrs.,Marilu588,Domínquez36,,Cardona494,M,black,west_indian,F,Santo Domingo  National District  DO,771 O'Conner Common,Holyoke,Massachusetts,01040
e8f86eb9-d5d8-4836-8467-3df2f4ef1b95,1988-05-07,,999-29-5418,S99964020,X38938973X,Mrs.,Leighann368,Murray856,,Krajcik437,M,white,italian,F,Waltham  Massachusetts  US,807 Howell Run,Abington,Massachusetts,02351
bf086ba1-188c-48fd-b81a-74ae29b49ffe,1987-04-21,,999-53-2793,S99933079,X29376428X,Mrs.,Beula159,Bernier607,,Wilkinson796,M,white,irish,F,Natick  Massachusetts  US,472 Schaefer Center Apt 46,Buckland,Massachusetts,01338
0ad78bf2-dd8e-4dd1-804c-6527c394b2ae,2014-12-22,,999-98-8145,,,,Petra678,Pagac496,,,,white,italian,F,Northampton  Massachusetts  US,578 Mills Plaza,Sudbury,Massachusetts,01776
ef8b7243-1eee-4bd2-a07c-888127e26175,1969-01-05,,999-45-9405,S99931423,X33206125X,Mrs.,Skye332,Orn563,,Nader710,M,white,irish,F,Rockland  Massachusetts  US,112 Huel Trafficway,Amesbury Town,Massachusetts,01913
ce4cf349-7435-44c5-b7b5-35f232ef5d12,1956-05-19,,999-68-4214,S99949646,X7005364X,Mr.,Toney527,Kemmer137,,,M,white,swedish,M,Rockland  Massachusetts  US,1051 Bayer Common,Amesbury Town,Massachusetts,01913
bbf15b32-fe80-4364-a076-ed386a806e78,1978-01-23,,999-46-4575,S99946387,X10464819X,Mrs.,Claudie965,Luettgen772,,Gulgowski816,M,black,west_indian,F,Bridgewater  Massachusetts  US,615 Jacobson Station,Salisbury,Massachusetts,01952
55ed2d76-7d9f-4958-9746-209337a6d6a8,1996-02-23,,999-12-4419,S99911468,X30298855X,Ms.,Danyelle408,Bahringer146,,,,white,irish,F,Braintree Town  Massachusetts  US,244 Rice Lodge Suite 77,Boston,Massachusetts,02108
87a78a01-9b41-4cf5-ad87-92c1634f6c48,2002-01-21,,999-48-9667,S99972216,,,Alvin56,Bartoletti50,,,,white,irish,M,Acushnet  Massachusetts  US,422 Hauck Crossing Suite 91,Amesbury Town,Massachusetts,01913
7092bed3-17a5-43b6-b3d3-f2d29a784fcb,1918-12-03,2005-02-16,999-68-4144,S99944826,X38634668X,Mrs.,Kelley882,Reynolds644,,Leannon79,M,white,polish,F,Lynn  Massachusetts  US,778 Hammes Rue,Barnstable Town,Massachusetts,02601
402dd8b2-3411-4cba-8e96-e287afa7e1c9,1964-10-17,,999-43-2877,S99956886,X60609189X,Mr.,Simon598,Schinner682,,,M,asian,chinese,M,Beijing  Beijing Municipality  CN,1001 Veum Divide Unit 66,Pepperell,Massachusetts,01463
9a89bf3d-8e6c-42ec-82d8-d4aaff10e254,1985-10-25,,999-69-9854,S99947502,X71777400X,Ms.,Audie868,Murray856,,,S,asian,chinese,F,Shanghai  Shanghai Municipality  CN,105 Thiel Promenade,Burlington,Massachusetts,01803
4298ae41-3da7-436c-a736-c7635f7bb994,1956-10-19,,999-40-3447,S99943451,X81782807X,Mrs.,Lewis216,Deckow585,,Larkin917,M,white,irish,F,Boston  Massachusetts  US,911 Bergstrom Trafficway Unit 57,Lawrence,Massachusetts,01840
2847c8f5-89a9-4965-8c8b-86b96624392b,1998-10-05,,999-90-2593,S99947285,X31836309X,Ms.,Sharyl439,Pollich983,,,,white,french,F,New Bedford  Massachusetts  US,472 Reilly Road Apt 87,Cambridge,Massachusetts,02138
46d8446b-b4ec-4363-a5c7-90093a71fd89,1985-04-29,,999-72-6148,S99950068,X63054892X,Mrs.,Cristi782,Bayer639,,Strosin214,M,white,french,F,Conway  Massachusetts  US,473 Waters Lodge Suite 13,Attleboro,Massachusetts,02703
47c75106-0e55-44c0-8808-3e37d4debd50,1951-02-10,,999-62-5027,S99927074,X89102351X,Mrs.,Lavona767,Yundt842,,Smith67,M,white,french,F,Lynn  Massachusetts  US,526 Lockman Crossroad Unit 80,Medway,Massachusetts,02053
4a29aa0c-75a1-4083-be05-255a7b34a962,1954-04-08,,999-34-7498,S99998532,X2023370X,Mr.,Vicente970,Wiza601,,,S,black,west_indian,M,Port-au-Prince  Haiti  HT,766 Collier Quay Unit 29,North Attleborough,Massachusetts,
8e3256d4-77ff-4c75-ae12-1c3542e0f249,1949-11-17,,999-30-3563,S99949776,X51035942X,Mrs.,Jesenia223,Nitzsche158,,Runolfsson901,M,white,irish,F,Boston  Massachusetts  US,137 Feeney Run,Holden,Massachusetts,01520
e5313cff-a9f9-42f9-8045-fe520cf9ada4,2008-01-02,,999-64-8578,,,,Isaac321,Hayes766,,,,white,polish,M,Boston  Massachusetts  US,573 Sawayn Dam,Ludlow,Massachusetts,01056
3d287899-4841-4637-b80d-44bb492ea2ce,1977-04-05,,999-32-1656,S99912864,X1477507X,Ms.,Robbi844,Swaniawski813,,,S,white,german,F,Middleborough  Massachusetts  US,292 Abernathy Lodge Suite 97,Sandwich,Massachusetts,02563
78fb6d4c-cdad-423d-85ef-085b8cb61bd2,1918-12-03,1996-02-24,999-71-8040,S99941545,X12953996X,Mrs.,Hwa978,Krajcik437,,Kassulke119,M,white,polish,F,Lee  Massachusetts  US,1045 Terry Bypass Apt 17,Barnstable Town,Massachusetts,02601
ca3c0efa-a343-4dc1-8292-389aed442b0f,1995-01-21,,999-84-5961,S99930692,X27899054X,Ms.,Kristal814,Herzog843,,,,white,german,F,Stockbridge  Massachusetts  US,355 Sawayn Meadow,Springfield,Massachusetts,01013
92cf0b13-bb94-427d-89cf-591edb799e75,2003-06-12,,999-59-8531,,,,Syreeta495,Marquardt819,,,,white,french,F,Marshfield  Massachusetts  US,299 Emmerich Crossing Apt 28,Attleboro,Massachusetts,02703
6a9f3ee0-3769-41f7-a19c-f7eaf7ce1ef6,1944-07-23,,999-29-1642,S99976063,X62193857X,Mrs.,Julia241,Rowe323,,Reichert620,M,white,italian,F,Belmont  Massachusetts  US,374 Brown Club,Walpole,Massachusetts,02081
66cb20f7-7e7f-4849-9d42-bd419474d866,2007-01-18,,999-66-5370,,,,Myong12,Fadel536,,,,white,american,F,Lynnfield  Massachusetts  US,350 Greenfelder Hollow,Randolph,Massachusetts,02368
47b0f941-5703-45b2-ba6f-25fbe1f29ddf,1984-03-06,,999-12-6458,S99920317,X18076551X,Mr.,Dustin31,Lowe577,,,M,white,irish,M,Waltham  Massachusetts  US,909 Abshire Grove,Springfield,Massachusetts,01013
c3b97ecc-7027-4ac6-88b2-b905ac577ce0,1986-03-23,,999-78-8255,S99929161,X34180110X,Mr.,Jason347,Schneider199,,,S,white,italian,M,Lawrence  Massachusetts  US,621 Kub Glen Suite 42,Boston,Massachusetts,02108
48bce518-9b09-4992-bdca-ae42fd21e5d6,1973-11-13,,999-98-4587,S99979524,X14722300X,Mrs.,Carolina179,Ureña88,,Amador986,M,hispanic,puerto_rican,F,Ponce  Puerto Rico  PR,311 Stark Light,Medford,Massachusetts,02145
c2e667ce-286c-4cda-a039-aca9db747b28,2015-04-08,,999-32-6187,,,,Ramón841,Padrón382,,,,hispanic,south_american,M,Rio de Janerio  Rio de Janerio  BR,451 Mayer Stravenue,Georgetown,Massachusetts,01833
9786927d-e893-4626-93f5-6ce5d02b75e7,1965-03-04,,999-17-4680,S99944402,X69567081X,Mr.,Theron432,Feil794,,,M,white,irish,M,Lowell  Massachusetts  US,1075 Quigley Meadow,Ludlow,Massachusetts,01056
32d5c083-f7d5-417c-a782-bfe51ef3ea6e,1987-05-24,,999-78-2228,S99959510,X44511172X,Mr.,Christopher407,Kassulke119,,,S,white,portuguese,M,Norwood  Massachusetts  US,933 Lueilwitz Course Suite 67,Quincy,Massachusetts,02169
bf36fe45-c80f-492f-a07e-17d5bf2ffe7d,1989-01-05,,999-35-2316,S99943742,X75755740X,Mrs.,Wei843,Hahn503,,Legros616,M,hispanic,puerto_rican,F,Rockland  Massachusetts  US,1030 Altenwerth Crossroad Apt 86,West Springfield Town,Massachusetts,01089
156effeb-af23-4148-b0f0-2d951ad19781,1945-12-07,,999-46-1654,S99994917,X7543016X,Mr.,Trenton748,Roob72,,,M,white,irish,M,New Bedford  Massachusetts  US,695 Skiles Well,Beverly,Massachusetts,01915
7065359e-eaf7-4f3b-a9e7-c7062b47d6cb,1967-10-11,,999-41-4343,S99933125,X34962661X,Mrs.,Estrella224,Kemmer137,,Erdman779,M,white,irish,F,Walpole  Massachusetts  US,490 Baumbach Row,Newton,Massachusetts,02458
298564cb-5bde-4268-902c-1fe92d6fd7a6,1999-03-31,,999-40-3710,S99917263,,Ms.,Perry780,Gibson10,,,,white,italian,F,Brookline  Massachusetts  US,388 Eichmann Trail,Swampscott,Massachusetts,01907
c7dd2aaf-476c-4ba1-bad9-46cb7fb4895c,1944-09-13,,999-59-6003,S99992260,X25025655X,Mrs.,Keshia89,Brekke496,,Aufderhar910,M,white,russian,F,Somerville  Massachusetts  US,707 Koss Plaza,Lowell,Massachusetts,01850
7ebc4f78-8c61-4f36-a399-05bf933c2630,2007-09-18,,999-63-2788,,,,Kena893,Feeney44,,,,white,portuguese,F,Faro  Algarve  PT,1001 Witting Pathway Unit 56,Stoneham,Massachusetts,02180
7102114c-76be-4074-80cc-1cc8dc9af968,2013-07-21,,999-46-3625,,,,Richie600,Reichel38,,,,white,swedish,M,Shirley  Massachusetts  US,438 Champlin Green,Somerset,Massachusetts,02725
cf199037-1449-4a31-aae3-a6c390c1f4a1,1976-07-01,,999-60-2777,S99941597,X6340638X,Mr.,Michel472,Leannon79,,,M,white,irish,M,Milton  Massachusetts  US,692 Walsh Avenue Apt 37,Hopedale,Massachusetts,01747
6ea9adf0-8f4d-44ce-8ce0-3658078f0dbf,1918-12-03,,999-58-6470,S99941247,X89067614X,Mrs.,Analisa263,Rau926,,Stoltenberg489,M,white,polish,F,Wareham  Massachusetts  US,190 Shields Annex Unit 72,Barnstable Town,Massachusetts,02601
0cc376be-048f-49bb-af58-2e4f272f4a07,1995-01-14,,999-11-6240,S99929777,X84445946X,Ms.,Elaine830,Kuphal363,,,,white,italian,F,Westfield  Massachusetts  US,297 Hermiston Gardens,Winthrop Town,Massachusetts,02128
41362f93-5e34-44c8-a9c5-5c1ac538b999,1965-04-14,,999-59-7395,S99982262,X20437257X,Mrs.,Sammy219,Harber290,,Douglas31,M,white,italian,F,Andover  Massachusetts  US,818 Greenfelder Highlands Suite 83,Arlington,Massachusetts,02474
eed41654-93fc-47c4-a42e-47d4cfd4a118,2008-04-29,,999-35-3497,,,,Jody426,Wehner319,,,,white,italian,M,Newton  Massachusetts  US,415 Nikolaus Corner,Salisbury,Massachusetts,01952
556052da-ad6b-4c39-bb0c-001e78126393,1948-12-11,,999-58-4458,S99949438,X72036626X,Mrs.,Alayna598,Buckridge80,,Bashirian201,M,white,italian,F,Framingham  Massachusetts  US,691 Mayer Viaduct Suite 28,Provincetown,Massachusetts,02657
f8dc935e-a476-47c8-b4b3-2a6fa97d3d95,1997-05-24,,999-15-2289,S99922498,X64360639X,Ms.,Lani848,O'Connell601,,,,white,scottish,F,Milton  Massachusetts  US,859 Lakin Avenue Apt 81,Boston,Massachusetts,02108
deb75f2a-051f-4cae-81cb-a2592e41dd86,1967-06-11,,999-54-6754,S99979442,X48036948X,Mr.,Paul232,Hyatt152,,,M,white,italian,M,Dartmouth  Massachusetts  US,694 Kub Vale,Boston,Massachusetts,02108
33df4b24-4066-4e44-af95-3127d7cc3cfe,1973-10-28,,999-80-8524,S99919126,X30416537X,Mr.,Eldon28,Fahey393,,,S,white,irish,M,Brookline  Massachusetts  US,334 Brown Bay Apt 55,Dedham,Massachusetts,02026
f76c12ed-d934-424d-9941-3d98b6423230,2004-05-23,,999-26-4559,,,,Stephan15,Terry864,,,,white,french,M,Sudbury  Massachusetts  US,124 Trantow Trafficway Suite 66,Somerset,Massachusetts,02725
47e5999b-76dc-45f2-8391-7bede50c26ab,1995-11-18,,999-36-6436,S99970230,X6845130X,Mr.,Nathanial472,Kirlin939,,,,white,italian,M,Townsend  Massachusetts  US,439 Raynor Meadow Suite 86,Attleboro,Massachusetts,02703
6d8367dd-e546-4c2e-97b4-2ea82184232a,1951-09-18,,999-44-7915,S99953932,X76978787X,Mrs.,Trisha327,Hagenes547,,Graham902,M,white,english,F,Mansfield  Massachusetts  US,847 Ritchie Alley,Amherst,Massachusetts,01002
02a45eb4-a3f3-4157-ab5c-d0621f2b7073,1961-04-07,,999-93-7528,S99998714,X71645893X,Mr.,Julian715,Hansen121,,,M,white,english,M,Lynn  Massachusetts  US,396 Kerluke Approach Unit 97,Falmouth,Massachusetts,02540
2f9effee-365c-4bac-b79d-6632b3b2aee3,1942-05-05,,999-72-5345,S99932834,X1823858X,Mrs.,Jeanna557,Streich926,,King743,M,white,italian,F,Orange  Massachusetts  US,466 Armstrong Wall Suite 38,Westwood,Massachusetts,02090
dba64242-e165-4ad3-8816-5ccef767b3e0,1942-07-08,,999-17-7819,S99939711,X20869154X,Mr.,Douglas31,Turcotte120,,,S,white,english,M,Milton  Massachusetts  US,162 Blick Approach Unit 94,Boston,Massachusetts,02108
b676480c-4440-4239-bd6f-20f867d766e2,1979-08-28,,999-15-1680,S99982366,X73261343X,Ms.,Monserrate4,Brakus656,,,S,asian,chinese,F,Bridgewater  Massachusetts  US,324 O'Keefe View Unit 83,Medford,Massachusetts,02145
12970fef-a879-42e0-8b95-a988852664da,1971-12-17,,999-55-4156,S99933217,X61010577X,Mrs.,Carmen818,Prieto999,,Quezada963,M,hispanic,puerto_rican,F,Bayamon  Puerto Rico  PR,814 Collins Divide,North Andover,Massachusetts,01845
dffef9ff-166f-42b9-a5f0-dc908f7f9c51,1962-02-18,,999-95-1794,S99994431,X17328597X,Mr.,Mac103,Keebler762,,,M,white,polish,M,Upton  Massachusetts  US,1089 Kilback Highlands,Quincy,Massachusetts,02169
19b66c49-1d18-4c06-a65b-e0e24e8244ef,1966-08-03,,999-24-7044,S99979245,X43394142X,Mr.,Shane235,Kuhic920,,,M,white,italian,M,Boston  Massachusetts  US,206 McGlynn Green,Northborough,Massachusetts,01532
3c40f3d2-3f5a-44ae-888e-7533bbea38b8,1974-03-01,,999-10-5377,S99978776,X69066115X,Mrs.,Marta91,Hintz995,,Renner328,M,white,polish,F,Abington  Massachusetts  US,275 Kuhlman Gardens,Essex,Massachusetts,01929
df28f253-6b67-403d-a98a-e10c9ea821e0,1998-05-14,,999-60-7452,S99985672,X64065230X,Mr.,Lowell343,Gerlach374,,,,white,french,M,Dennis  Massachusetts  US,399 Zulauf Viaduct Unit 7,East Longmeadow,Massachusetts,01028
808a2404-9b1f-4632-932e-b5214ba0bc10,1945-05-27,,999-47-1637,S99940660,X43903211X,Mr.,Eduardo902,Ybarra887,,,M,hispanic,puerto_rican,M,Bayamon  Puerto Rico  PR,692 Champlin Landing Apt 76,Boston,Massachusetts,02108
889d8269-e1ae-4373-ad10-9021395b8ad1,1997-10-01,,999-58-6221,S99915050,X53964005X,Ms.,Reynalda736,Nolan344,,,,white,italian,F,Sudbury  Massachusetts  US,299 Hintz Highlands Suite 72,Holyoke,Massachusetts,01040
e4954420-d873-4d11-9337-7edba229edcd,2006-07-18,,999-24-7131,,,,Val761,Halvorson124,,,,white,english,M,Cambridge  Massachusetts  US,891 Grimes Key Suite 52,Chelsea,Massachusetts,02149
d72cd8ce-f608-4b79-9bf5-56ed27fc57d6,1964-11-19,,999-13-8729,S99998322,X36385634X,Mrs.,Isabel214,Casillas702,,Galindo802,M,hispanic,puerto_rican,F,Carolina  Puerto Rico  PR,587 Wunsch Estate,Cohasset,Massachusetts,02025
9a9e43d6-8269-402d-a33f-35fbca0548ef,2016-12-15,,999-58-6347,,,,Milton509,Block661,,,,white,italian,M,Shrewsbury  Massachusetts  US,503 Hane Arcade Suite 23,Boston,Massachusetts,02108
1d55ff96-90dd-45ad-ae35-a02458612ccc,1981-08-23,,999-71-6062,S99987561,X32169263X,Mr.,Sol312,Waelchi213,,,M,white,german,M,Williamstown  Massachusetts  US,894 Denesik Trace,Peabody,Massachusetts,01940
8f3c4c12-b0c1-4a4d-9a3f-65dde336db30,1942-03-11,,999-43-2398,S99963159,X52504865X,Mrs.,Windy313,Thiel172,,Schuster709,M,white,german,F,Springfield  Massachusetts  US,1057 Gutmann Trailer Apt 55,East Longmeadow,Massachusetts,01028
04d8f626-a354-4fa0-b4c9-606881772c88,1959-09-29,,999-40-7037,S99946293,X26509695X,Ms.,Lorenza655,Volkman526,,,S,white,irish,F,Boston  Massachusetts  US,600 Dietrich Rue,Tewksbury,Massachusetts,01876
ac39bf6f-dd56-4fd3-be11-d001337d548f,1965-12-03,,999-70-1775,S99930194,X84260231X,Mrs.,Shalon513,Pagac496,,Bernhard322,M,white,italian,F,Quincy  Massachusetts  US,1051 Thompson Crossroad Apt 30,Cambridge,Massachusetts,02138
212c4305-a362-4f37-9ac4-c1507ce0f594,1968-10-11,,999-51-2821,S99996644,X62645117X,Mrs.,Kisha966,Sawayn19,,Boehm581,M,white,english,F,Milford  Massachusetts  US,966 Jerde Burg,Tewksbury,Massachusetts,01876
bc8a6fa7-9a73-4344-a8f1-7e15ea749086,1951-08-18,,999-94-4147,S99978665,X57013620X,Mrs.,Sonia106,Barrios478,,Ramírez776,M,hispanic,mexican,F,Gaudalajara  Jalisco  MX,755 Quitzon Way,Charlton,Massachusetts,01507
e582a03a-7865-4872-803d-268c99aec450,1982-12-25,,999-63-4352,S99984610,X28967747X,Mr.,Jospeh459,Lowe577,,,M,white,italian,M,Westfield  Massachusetts  US,823 Wyman Mission,Framingham,Massachusetts,01701
68740cab-c778-43cc-807e-9217f93786d9,1970-06-28,,999-92-5508,S99912306,X8545823X,Mrs.,Lidia103,Hyatt152,,Champlin946,M,white,italian,F,Boston  Massachusetts  US,678 Marks Terrace Apt 42,Boston,Massachusetts,02108
61e4f461-664b-499f-9ef4-e66861d84e60,1968-04-14,,999-70-4375,S99939739,X50772432X,Mrs.,Alyse240,Kihn564,,West559,M,white,french,F,Lawrence  Massachusetts  US,643 Gibson Lock Apt 40,Chicopee,Massachusetts,01013
2f341ac1-1a68-47c5-8d92-8afdeac26261,1980-01-05,,999-61-5532,S99948166,X73658817X,Mr.,Donnie175,Gulgowski816,,,M,white,french,M,Webster  Massachusetts  US,177 Streich Manor,Northborough,Massachusetts,01532
849502ca-987a-48c7-b1d5-01eab8ff39d7,1957-06-10,,999-88-4843,S99998459,X46871506X,Mrs.,Xiomara943,Rogahn59,,Schinner682,M,white,irish,F,Chelsea  Massachusetts  US,808 Haley Fork,Northbridge,Massachusetts,01534
07bae713-4c3f-40ee-be2c-8ba0cef838c5,1952-08-21,,999-97-5821,S99967767,X39107879X,Mrs.,Ruby458,Gleason633,,Jacobson885,M,white,german,F,Boston  Massachusetts  US,393 Kling Tunnel Suite 55,Attleboro,Massachusetts,02703
6277157b-f3ff-4cde-8b73-b70a6b694843,2003-06-02,,999-35-3367,,,,Kennith515,Kemmer137,,,,white,irish,M,Webster  Massachusetts  US,606 Hodkiewicz Light,Chicopee,Massachusetts,01013
d303a995-efd2-4c22-9ced-ec2a7c906862,1987-10-01,,999-27-1623,S99987017,X53808858X,Mr.,Burl285,Tremblay80,,,M,white,irish,M,Chicopee  Massachusetts  US,1080 Lowe Green,Somerville,Massachusetts,02138
701de8f3-6207-4ef7-b2c1-01afe1e0a63c,1993-01-25,,999-88-7952,S99955257,X38909124X,Ms.,Sherlyn657,Parisian75,,,,white,irish,F,Gill  Massachusetts  US,1041 Bradtke Overpass Suite 65,Williamstown,Massachusetts,01267
333897a2-1fb1-43e2-8401-36c96e35c76d,2004-12-11,,999-10-6297,,,,Eilene124,Marquardt819,,,,asian,asian_indian,F,Easton  Massachusetts  US,399 Langosh Tunnel,Chelmsford,Massachusetts,01824
be861ed0-39b3-4cd7-8b75-c56a62894868,1946-03-07,,999-41-2085,S99998480,X44238962X,Mr.,Horacio317,Wiza601,,,M,white,irish,M,Granville  Massachusetts  US,205 Rutherford Hollow,Medfield,Massachusetts,02052
168af060-3b88-40f9-bdda-1bb34d9a30bd,2010-05-09,,999-21-1315,,,,Kenneth671,Donnelly343,,,,white,french_canadian,M,Lunenburg  Massachusetts  US,913 Wiza Ranch Suite 76,Lunenburg,Massachusetts,01462
5f522efa-c1a4-415a-8215-a35e9f5a2d1d,1965-03-15,,999-69-8293,S99991406,X62366528X,Mr.,Jody426,Graham902,,,M,hispanic,mexican,M,Medford  Massachusetts  US,509 Prohaska Road Suite 37,Andover,Massachusetts,01810
d734285e-772d-4cc6-840d-2e9454d43579,1951-12-25,2005-01-11,999-43-3582,S99981205,X89842768X,Mr.,Trey250,Gottlieb798,,,M,white,italian,M,Winchendon  Massachusetts  US,660 Conn Loaf Unit 89,Fall River,Massachusetts,02720
ca7e30f4-b186-4320-b8d7-6a99d44a5817,1989-12-29,,999-29-3088,S99943776,X20402365X,Mr.,Enrique929,Legros616,,,M,hispanic,puerto_rican,M,Ludlow  Massachusetts  US,389 Huel Avenue,Westfield,Massachusetts,01085
d3871315-7fd5-489f-9645-15e61cd46697,1997-05-06,,999-34-3869,S99941471,X83788975X,Ms.,Concepción765,Vigil207,,,,hispanic,puerto_rican,F,Caguas  Puerto Rico  PR,334 Nicolas Heights,Boston,Massachusetts,02108
fc7a984e-01f6-43cf-aa40-e2848c1d2754,1952-04-07,,999-47-8155,S99947730,X68925865X,Mrs.,Tori754,VonRueden376,,Kirlin939,M,white,german,F,Spencer  Massachusetts  US,447 Stokes Grove,Norton,Massachusetts,02766
cd94ec8b-a0cf-4be7-846a-b9cf205e4f24,1984-11-23,,999-91-9017,S99915382,X83783573X,Mr.,Judson999,Daugherty69,,,M,white,german,M,Westwood  Massachusetts  US,871 Ebert Skyway,Littleton,Massachusetts,01460
05222a87-3106-4e6e-979b-f5732c2c962e,1963-10-26,2007-07-07,999-48-1314,S99993393,X83295801X,Mr.,Burl285,Upton904,,,M,white,italian,M,Springfield  Massachusetts  US,721 Huel Way Unit 12,Falmouth,Massachusetts,02540
aa25cd5c-92f9-48ee-b563-7de02c404c13,1954-01-18,,999-44-9830,S99955132,X78970555X,Mr.,Dee580,White193,,,M,white,russian,M,Boston  Massachusetts  US,916 Jones Village Unit 55,Boston,Massachusetts,02108
b4e9cc9a-6057-46ca-a647-c217ebbca6ee,1964-01-22,,999-80-5129,S99920712,X3444681X,Mr.,Jorge203,Amador986,,,M,hispanic,puerto_rican,M,Caguas  Puerto Rico  PR,838 Borer Road Suite 59,Boston,Massachusetts,02108
02e04306-6dc6-4a93-85bd-40a18eb15d28,1963-10-26,,999-75-7299,S99998950,X75896505X,Mr.,William805,Runte676,,,S,white,italian,M,Fitchburg  Massachusetts  US,181 Hessel Bridge,Falmouth,Massachusetts,02540
17e1a347-8e15-4f6c-bf9c-7d7b717cfc73,1951-12-25,,999-86-1581,S99957491,X31027011X,Mr.,Toby274,Buckridge80,,,S,white,italian,M,North Reading  Massachusetts  US,438 O'Reilly Lock Unit 83,Fall River,Massachusetts,02720
